8028
9416
2666
1319
8731
3030
4112
617
1257
5604
2479
2622
3088
7835
4253
1566
1060
8843
5791
2413
4829
7822
2802
9048
6256
6945
9628
1899
6093
8171
3766
4937
1256
5414
955
5351
6900
8864
2405
7102
9900
2423
4604
5265
7928
5334
8277
6512
1228
2337
3796
4647
5209
5918
6996
7867
9821
8829
5411
2686
9518
6668
5342
3412
1849
4626
8041
5892
3712
100
1036
2069
3294
3754
4477
4771
5740
6939
7301
8524
9459
3264
1231
3745
9220
5073
34
1827
2341
2727
3945
4795
5602
6040
6810
7431
7989
8554
9894
9448
9915
9719
9075
2208
4133
5985
4830
4587
1495
6169
4908
6325
3311
9214
6963
8807
2437
9331
753
2815
5758
8063
5087
5556
9631
8469
1934
2148
6337
8528
3930
804
2849
5849
1150
5509
7438
2443
3627
8136
1766
3094
4652
5543
7975
176
9384
8644
1472
2590
4052
4840
5208
5952
7230
8209
9815
188
3707
2812
4099
357
7828
9261
2272
5228
9618
1293
3962
371
1118
2205
3595
3805
4609
4826
5879
6937
7875
8725
9650
6713
5490
4730
6903
8999
466
1996
2508
3176
4034
5211
5667
6162
6891
7630
8048
8831
3095
5373
1397
4802
4622
1100
8004
9053
2789
1590
7594
3676
8337
3757
2282
7426
6686
4233
3806
1327
4550
5734
8947
6276
3697
377
1607
2955
3357
6500
8659
3966
5795
3075
8169
2191
5612
7885
7860
3877
2038
1897
3154
4865
6067
8616
5532
2103
593
2003
2839
4072
4992
5279
5981
7292
8515
9885
410
9988
4782
5150
2174
8507
202
3684
5267
9830
3434
4336
755
1277
2351
3653
3828
4641
5624
6135
7161
7900
8809
9701
2235
126
5203
3643
7769
518
2049
2513
3752
4162
5292
5887
6671
6955
7864
8501
8962
3807
8484
6941
4701
8911
570
7468
5792
6573
4948
5015
3032
5075
6244
7455
724
959
7825
8790
2129
4663
7216
6285
8110
3946
3084
465
170
4390
7115
8803
7234
1207
3843
7326
4057
6850
8174
9946
3867
6796
2302
4086
5157
6785
9279
6095
5345
1191
2311
3214
4338
5097
5524
6335
7528
9429
5443
1623
1164
7480
1311
4603
282
1365
4554
5664
1893
3424
5606
748
1939
2940
3758
3840
4689
5605
6883
7204
8301
9414
9867
8536
1890
8533
1166
4872
1488
2297
2669
3746
4205
5533
6019
6705
7251
7926
8509
9678
5594