2441
304
7966
9987
115
10026
15270
15432
2203
525
2520
4668
18920
23882
27462
8929
6879
7148
10434
8373
8375
29507
5195
8726
23014
7616
3482
7170
13602
2795
9422
16730
18432
186
26478
28096
5824
12936
5439
22932
92
3796
4631
6371
13169
28752
22334
21822
20319
8886
1134
3618
295
11006
3803
2179
446
11036
25864
6303
14982
29578
8514
2543
5802
29276
13030
5717
864
22548
8180
28586
22372
12442
3147
6129
12536
12428
8665
3870
11832
3545
2095
9727
14738
18766
28638
8828
6106
7369
9654
6427
506
22358
3810
4876
7559
14916
22014
19506
14958
29726
691
1128
15294
720
17210
17388
24936
1380
8610
9253
8149
15830
5385
118
3560
9138
22952
18884
9673
1771
8765
9015
7654
6240
8482
3819
6129
24320
3526
11624
4471
5509
26532
6020
10204
18134
22650
29918
800
9596
7792
9654
10386
2903
66
3903
6079
8390
25262
20394
16540
24002
9440
690
1782
19922
28462
7856
19978
25670
20322
9335
20652
26706
20930
11124
2260
3927
21222
21328
9664
2519
5387
5216
10150
12531
1600
1388
4405
8534
18482
17190
3163
5633
9396
11374
7122
12816
16950
25636
26290
2994
5098
25042
10514
29956
126
348
4616
6237
9886
20330
29879
9
14468
17982
687
2569
12434