26292
21016
12892
7038
2629
6903
9214
29218
23364
5962
2074
238
1892
3953
5477
8462
10344
13538
25010
19519
663
1930
4916
26520
1568
5787
6644
9710
22514
21568
10148
5973
6788
26032
6287
29797
682
9385
23019
344
995
1304
1585
1912
2940
3315
4270
4676
4924
5161
5561
5841
6448
7178
7573
7812
8740
9135
9585
9961
10578
12456
13006
13888
15372
16232
24616
29822
18658
20558
29158
19008
28210
26648
28018
18784
28766
3226
3611
5015
20710
3449
7008
15622
16394
12394
4031
3867
589
2897
4565
6025
8576
11006
21904
29119
11548
15306
3854
18752
1132
1874
6280
6917
10864
21590
24712
23016
2753
3091
210
7014
25716
2650
11064
49
583
1000
1338
1622
2026
3114
3767
4320
4711
5070
5310
5631
5996
6774
7411
7561
8049
8736
9149
9633
9984
10602
12570
13422
14064
15516
16546
26506
16848
29178
22438
23331
26620
29282
26092
21760
28276
18172
3299
20482
4625
26288
3747
8620
24556
16394
9882
24281
5570
1068
3855
4685
6241
9233
11218
24612
19672
29734
70
4089
22682
6491
3164
6316
8036
24774
22920
11772
3470
4022
9783
6558
9192
7793
6676
17852
111
592
1078
1322
1645
2112
3083
4020
4400
4682
5103
5393
5726
6229
6889
7454
7678
8144
9014
9292
9760
10516
10712
12828
13492
14574
15896
16612
16786
18940
16926
17800
23982
24982
25954
25708
20664
29254
10754
7203
17982
4800
918
6123
8894
20996
20556
28856
9995
20976
1843
3846
4721
7338
9967
12842
28106
14622
27560
882
18838
5327
8847
5470
6483
9690
17075
20236
20294
4754
4082
10416
27988
11492
10342
8845
23012
189
733
1165
1434
1699
2109
3197
4079
4650
4865
5141
5584
5799
6403
7146
7557
7667
8166
9018
9516
9851
10540
11898
12978
13608
14846
16150
27580
26886
27208
24518
29122
27858
25840
26094
18070
22860
25656
16618
