552
7393
7587
756
25817
336
5042
8573
17406
3575
5555
12690
26478
4298
29445
13450
646
1163
2225
2759
3301
4035
5614
6376
6685
7588
8502
9380
9688
11378
14248
15574
16534
17694
21820
21000
18146
19884
26768
28250
20183
12160
14638
5324
4751
10540
16625
17649
14284
29810
25189
5396
16560
23804
23418
2190
444
2634
4498
5951
7062
8188
9452
15688
26444
25312
19792
21476
5991
27702
5777
1165
2266
3445
5639
7525
12539
15558
16931
28517
18166
21910
22690
4929
7907
8147
1296
3419
647
2220
6163
8480
14785
18867
23699
24940
26974
19868
1018
1917
6506
28050
2429
25801
13835
401
1530
3181
3477
5086
8027
8962
15034
29801
20182
19513
12328
27988
7586
15262
2805
2184
5571
13844
23019
4343
6851
11935
7325
17356
6447
100
808
1161
2249
2797
3339
4694
6075
6545
6891
7787
8600
9454
9850
11894
15068
15702
26137
22176
21256
17088
20224
27576
22708
27766
24636
3286
17304
1634
7465
10626
20382
21146
8838
8111
19842
6752
27894
414
397
1592
796
2885
4757
6128
7175
8580
10265
15939
24612
23034
2799
4976
23060
25406
5313
1427
2309
3943
6094
8443
13606
16724
29534
28516
21846
27864
21970
9235
16718
16034
1955
1658
1227
2779
6204
8778
15078
24482
21039
26445
23924
15464
1951
2980
7724
21958
69
3743
30
595
2201
3167
3722
6314
8135
9134
15208
18737
18711
20859
29160
24774
8351
18064
28285
2879
5626
21336
17032
5110
8274
26822
2054
16194
4435
189
890
1537
2667
2854
3718
5046
6206
6590
6919
8166
8795
9536
9988
12568
15152
16058
17262
29896
17614
25840
18252
17844
19114
11832
8236
5182
15842
2526
9299
11986
20435
28044
24448
13144
361
15214
27858
28564
554
8763
1396
3068
5220
6201
7864
8789
13422
16349
24026
17516
4250
17210
11838
29962
17443
1816
3036
4270
6906
8866
13915
25918
26290
23837
19314
19512
26010
15992
5257
7170
3031
8565
1330
2958
7363
10161
15372
25855
18986
21424
25144
20302
4484
4816
7799
2197
5196
9037
237
710
2255
3251
3912
7346
8867
9230
24390
20355
22102
17135
5068
3678
24754
25816
9404
3962
6253
17662
2592
5175
10802
18347
3885
2025
7373
473
969
1563
2704
2913
3845
5481
6279
6688
7280
8372
9227
9695
10712
13444
15542
16106
29948
27604
26420
20362
24786
29678
15362
14604
11270
5454
2647
4215
9906
14342
19058
16464
7793
8449
1976
16232
17878
7119
599
367
1958
3365
5269
6405
8158
9377
14138
10162
17190
20407
9882
2884
229
18342
680
1908
3163
4329
7035
11511
15334
18936
17194
22326
23114
13749
15798
24264
4308
17828
8828
13916
1985
5535
7831
12094
16358
18943
17726
11364
12201
34
19315
5813
9094
8036
13282
18416
242
1559
2932
3366
4626
8037
8865
9439
23670
19694
24950
18476