1784
28026
3821
300
2105
3446
6067
9641
13216
27202
28640
403
1479
1881
2629
3926
4827
5579
5650
6500
7545
8416
8858
9710
20016
28856
24820
18108
12974
880
6176
27325
9284
667
20789
114
352
811
1021
1386
1889
2007
2199
2442
2897
3389
3599
3954
4337
4398
4659
4956
5136
5394
5513
6140
6787
7146
7675
7777
8193
8736
9082
9322
9893
10308
11376
12912
13787
14590
15774
16630
16834
18256
27554
28946
17762
24639
20782
24258
27694
21052
18168
18070
25726
22080
13158
23032
15844
20250
20322
3708
9188
700
4354
5387
7495
8695
12786
27606
22836
23364
25594
5399
26519
12787
6558
380
16848
23467
144
543
907
1623
1786
2178
2283
2545
2914
3613
4088
4457
4766
5147
5539
5850
6180
6691
6966
7276
7667
8015
8415
9355
9753
11178
13622
14802
16430
15222
26446
27660
17826
29844
19967
18062
27659
19360
21112
29984
29164
25794
26520
14252
14356
3417
11064
1467
11548
1896
4537
5163
6451
8769
12405
4416
6909
8083
8995
13856
5927
8619
9101
2971
22476
25942
2456
26258
5859
641
1414
1573
1922
2091
2637
3264
3507
3798
4306
4297
4590
6095
6708
7282
7875
8921
9353
10180
10578
13474
15238
27340
20520
20528
24668
17052
27331
12316
29778
14346
5577
1122
6112
9014
20206
12344
2959
24034
28472
28318
22679
77
337
550
625
812
1020
1285
1500
1642
1886
2126
2313
2676
2730
2977
3226
3502
3897
4113
4237
4375
4656
4936
5113
5383
5633
5841
6029
6188
6402
6821
7152
7439
7627
8120
8293
8432
8953
9150
9530
9665
9854
10735
12162
12462
12956
13550
14094
14644
14966
15510
15784
16312
24084
18599
22996
28848
29726
21674
23280
21300
17882
29538
26620
27320
19636
22000
24958
23218
22290
20860
15016
15182
18136
25004
22272
7759
6338
1304
3756
1066
2568
4617
6560
11563
17148
17565
20292
712
1599
1944
2708
3976
5103
5582
6175
6774
7747
8581
8845
11454
26280
29716
26728
22016
18985
2902
7085
3091
13868
7604
24883
175
415
836
1047
1407
1884
2044
2221
2591
3221
3441
3876
4020
4320
4454
4650
4959
5130
5418
5584
6182
6836
7194
7713
7872
8205
8780
9155
9374
9880
10434
11510
13006
14137
14782
15896
16690
25454
22591
23378
24776
27372
20418
18196
23926
24250
24982
17954
29206
23652
20744
15106
10534
19282
17441
24756
398
22180
2689
4378
5534
7496
8988
14574
18962
14898
12394
23692
8951
25122
4776
6594
3714
9040
1079
375
803
1135
1622
1771
2164
2352
2588
3066
3803
4192
4584
4830
5185
5600
5926
6250
6810
6988
7470
7719
8155
8513
9436
9981
11599
14236
15586
16702
29354
25397
12388
20558
27286
29088
20742
23928
19384
19406
19422
28390
27316
12200
21830
28578
6289
19392
2698
11138
2163
4811
5337
6905
9616
21654
6572
10678
3104
10342
14388
5688
4367
9148
4835
17198
16944
13127
6249
126
802
1411
1594
1967
2271
2791
3279
3563
3801
4301
4307
4797
6239
6921
7784
7842
8923
9440
10418
10845
13677
15435
18696
23790
24692
20256
29820
26206
20316
25026
28282
13288
1441
6551
9585
6408
20956
3730
26028
1781
1458
6055
40
393
540
620
885
1046
1283
1527
1648
2059
2157
2593
2685
2784
3083
3304
3645
3944
4082
4249
4423
4671
4946
5201
5380
5742
5903
6046
6191
6682
7029
7296
7474
7768
8180
8344
8473
8997
9373
9538
9745
10220
10723
12249
12594
13044
13538
14314
14712
15126
15604
15880
16411
28478
25962
16786
23284
19912
27942
18230
25846
22001
26396
22076
22047
26644
24098
29365
20880
20634
26872
23606
18178
26066
12428
17017
10944
16732
3095
7731
1053
2872
4614
7165
12374
25130
28938
29292
994
1601
1932
3110
4503
5134
5612
6172
6882
7983
8576
9273
14064
29860
21904
17592
14622
11834
5148
8162
3234
25136
18214
23466
192
423
926
1063
1775
1935
2071
2391
2706
3330
3506
3869
4062
4391
4622
4721
5077
5161
5414
5739
6170
6884
7306
7746
7905
8491
8819
9199
9435
10200
10728
11908
13072
14297
14846
16348
21214
21932
29676
17938
29178
28332
21215
29122
18598
19586
26884
28920
19672
22198
11772
19506
17490
4240
20270
3770
7505
378
3453
4745
5783
7517
9482
14612
28374
16394
15110
2089
15002
20851
25446
27835
18102
26674
49
461
838
1338
1687
1863
2229
2491
2739
3256
3812
4248
4560
4850
5233
5726
5997
6307
6858
7061
7582
7818
8172
8783
9456
10640
12968
14410
15790
27580
19500
28070
24518
25767
27916
26254
26562
24200
18210
27806
29226
14460
16160
23150
25680
29734
2725
2964
8618
332
2268
4882
5622
7548
9992
4200
16259
23626
26032
1946
21614
5925
8131
25562
5581
17936
11685
28496
24976
331
872
1497
1683
2035
2356
2976
3315
3606
3953
4300
4303
4861
6320
7034
7773
8021
9009
9500
10416
11304
13734
15874
21758
19224
24455
26752
28734
26664
14246
22532
6114
20802
2785
8177
9652
6432
3287
6104
19564
8811
11895
9623
133
507
530
757
1027
1041
1322
1562
1645
2053
2156
2570
2680
2921
3192
3399
3703
4032
4155
4247
4488
4812
4971
5263
5483
5824
5929
6141
6359
6726
7097
7355
7455
7811
8165
8327
8461
9077
9370
9524
9774
10252
11246
12326
12584
13405
13794
14494
14780
15206
15600
16230
16466
23978
26867
23677
25212
20790
20926
29338
17940
21546
21964
20534
28210
23332
18894
28018
29760
21521
15838
23018
27758
26067
28486
23216
16642
25250
3779
11324
1963
3267
5466
8941
12709
27203
28646
9396
1371
1699
2179
3465
4638
5429
5666
6316
7173
8212
8677
9691
14348
20424
23224
22638
21540
8932
5550
20348
3878
24602
16398
106
258
626
970
1218
1797
2005
2086
2419
2818
3392
3561
3868
4092
4396
4637
4924
5117
5246
5467
6004
6310
6888
7613
7727
8144
8667
9000
9189
9632
10238
11134
12044
13376
14320
15630
16460
18995
27246
25392
18954
24320
26056
23880
27060
20038
20178
24496
17888
26352
18624
28170
23022
22185
7305
465
5232
14646
408
3724
4781
6543
8531
10722
19486
29612
20556
23082
5278
15727
12698
210
22190
22884
25179
152
496
869
1339
1756
2109
2218
2542
2891
3503
3854
4404
4713
5111
5497
5835
5996
6513
6879
7258
7632
7931
8297
8801
9629
10870
13390
14406
15912
26105
25260
27386
28944
28878
27310
27444
23316
20082
24852
18040
12942
23020
13132
16988
27448
16566
1948
3214
21122
1009
3752
4913
6234
7788
11100
2479
8623
26572
497
3963
27226
6343
8256
20212
10168
22660
1945
28108
28728
418
1193
1524
1707
2078
2424
3209
3376
3711
4296
4299
4302
5536
6662
7105
7810
8670
9275
9681
10516
11646
13842
16546
23590
20434
23814
26954
24444
29971
15722
22240
23806
5820
4141
8771
21280
7752
27990
29956
22893
7360
12828
17
220
556
624
741
1011
1068
1505
1626
1778
2050
2240
2638
2753
2943
3172
3427
3827
4080
4165
4291
4482
4854
5013
5261
5561
5815
5962
6167
6373
6762
7154
7410
7557
8075
8255
8323
8952
9133
9444
9628
9783
10602
12080
12371
12762
13510
13852
14562
14920
15408
15700
16236
16525
17290
15552
21423
22748
22903
27250
23174
17722
17612
22070
28638
27050
22335
28742
28054
27852
20932
20858
12670
29330
19460
18805
10132